                                                  
                                                  
                                                  
                                                  
                                                  
                                                  
                                                  
                                                  
                   11111111111                    
                 1111111 1111111                  
               1111           1111                
              111               111               
            111                   111             
            11                     11             
           11                       11            
          11                         11           
          11                         11           
         11                           11          
         11                           11          
        11                             11         
        11                             11         
        11                             11         
        11                             11         
        11                             11         
        1                               1         
        11                             11         
        11                             11         
        11                             11         
        11                             11         
        11                             11         
         11                           11          
         11                           11          
          11                         11           
          11                         11           
           11                       11            
            11                     11             
            111                   111             
              111               111               
               1111           1111                
                 1111111 1111111                  
                   11111111111                    
                                                  
                                                  
                                                  
                                                  
                                                  
                                                  
                                                  
                                                  
                                                  
