ARGV[1]picture
                                                  
 111                                           111
  111                                         111 
   111                                       111  
    111                                     111   
     111                                   111    
      111                                 111     
       111                               111      
        111                             111       
         111                           111        
          111                         111         
           111                       111          
            111                     111           
             111                   111            
              111                 111             
               111               111              
                111             111               
                 111           111                
                  111         111                 
                   111       111                  
                    111     111                   
                     111   111                    
                      111 111                     
                       11111                      
                        111                       
                       11111                      
                      111 111                     
                     111   111                    
                    111     111                   
                   111       111                  
                  111         111                 
                 111           111                
                111             111               
               111               111              
              111                 111             
             111                   111            
            111                     111           
           111                       111          
          111                         111         
         111                           111        
        111                             111       
       111                               111      
      111                                 111     
     111                                   111    
    111                                     111   
   111                                       111  
  111                                         111 
 111                                           111
 11                                             11
 1                                               1
